m=[5 6 9 ; 2 4 8 ; 2 6 4]
m1=[1 3 7 ; 2 5 6 ; 3 9 5]
v =m*m1

